13
1 2 69
1 3 77
1 4 69
1 5 71
1 6 20
1 7 21
1 8 32
1 9 27
1 10 51
1 11 61
1 12 46
1 13 61
2 3 43
2 4 73
2 5 60
2 6 32
2 7 47
2 8 100
2 9 2
2 10 45
2 11 1
2 12 37
2 13 35
3 4 99
3 5 34
3 6 18
3 7 60
3 8 38
3 9 42
3 10 81
3 11 84
3 12 97
3 13 16
4 5 69
4 6 52
4 7 4
4 8 8
4 9 1
4 10 1
4 11 8
4 12 86
4 13 26
5 6 5
5 7 3
5 8 49
5 9 45
5 10 3
5 11 49
5 12 36
5 13 71
6 7 76
6 8 0
6 9 45
6 10 66
6 11 21
6 12 41
6 13 3
7 8 85
7 9 98
7 10 35
7 11 85
7 12 14
7 13 96
8 9 49
8 10 32
8 11 72
8 12 94
8 13 31
9 10 32
9 11 80
9 12 27
9 13 90
10 11 62
10 12 21
10 13 33
11 12 85
11 13 40
12 13 41
