14
1 2 58
1 3 30
1 4 31
1 5 39
1 6 82
1 7 62
1 8 31
1 9 31
1 10 29
1 11 90
1 12 1
1 13 22
1 14 91
2 3 26
2 4 6
2 5 14
2 6 14
2 7 1
2 8 8
2 9 57
2 10 47
2 11 38
2 12 59
2 13 41
2 14 1
3 4 32
3 5 85
3 6 31
3 7 100
3 8 52
3 9 60
3 10 81
3 11 44
3 12 39
3 13 89
3 14 22
4 5 62
4 6 0
4 7 8
4 8 51
4 9 37
4 10 41
4 11 49
4 12 92
4 13 91
4 14 83
5 6 58
5 7 66
5 8 71
5 9 89
5 10 95
5 11 94
5 12 38
5 13 96
5 14 85
6 7 7
6 8 36
6 9 6
6 10 75
6 11 64
6 12 71
6 13 43
6 14 43
7 8 64
7 9 75
7 10 60
7 11 78
7 12 31
7 13 21
7 14 16
8 9 32
8 10 62
8 11 82
8 12 59
8 13 44
8 14 41
9 10 97
9 11 20
9 12 2
9 13 74
9 14 22
10 11 13
10 12 9
10 13 60
10 14 30
11 12 79
11 13 32
11 14 12
12 13 99
12 14 32
13 14 62
