15
1 2 70
1 3 69
1 4 21
1 5 91
1 6 49
1 7 80
1 8 14
1 9 63
1 10 76
1 11 93
1 12 70
1 13 37
1 14 63
1 15 80
2 3 12
2 4 69
2 5 50
2 6 99
2 7 99
2 8 7
2 9 38
2 10 55
2 11 74
2 12 18
2 13 3
2 14 68
2 15 20
3 4 46
3 5 6
3 6 79
3 7 13
3 8 58
3 9 17
3 10 46
3 11 26
3 12 23
3 13 9
3 14 36
3 15 38
4 5 95
4 6 52
4 7 17
4 8 65
4 9 47
4 10 55
4 11 41
4 12 44
4 13 83
4 14 87
4 15 86
5 6 43
5 7 64
5 8 28
5 9 72
5 10 6
5 11 19
5 12 8
5 13 50
5 14 62
5 15 62
6 7 99
6 8 16
6 9 47
6 10 100
6 11 21
6 12 52
6 13 26
6 14 61
6 15 5
7 8 39
7 9 17
7 10 58
7 11 45
7 12 62
7 13 66
7 14 21
7 15 84
8 9 57
8 10 90
8 11 87
8 12 92
8 13 7
8 14 66
8 15 3
9 10 47
9 11 33
9 12 70
9 13 70
9 14 32
9 15 43
10 11 71
10 12 16
10 13 69
10 14 52
10 15 42
11 12 22
11 13 100
11 14 1
11 15 42
12 13 12
12 14 18
12 15 7
13 14 13
13 15 99
14 15 7
