16
1 2 20
1 3 64
1 4 51
1 5 74
1 6 51
1 7 91
1 8 95
1 9 58
1 10 34
1 11 38
1 12 100
1 13 6
1 14 84
1 15 84
1 16 8
2 3 84
2 4 83
2 5 50
2 6 57
2 7 4
2 8 26
2 9 27
2 10 4
2 11 52
2 12 63
2 13 98
2 14 32
2 15 99
2 16 49
3 4 24
3 5 2
3 6 20
3 7 24
3 8 24
3 9 83
3 10 31
3 11 21
3 12 20
3 13 84
3 14 17
3 15 2
3 16 99
4 5 56
4 6 10
4 7 74
4 8 34
4 9 82
4 10 96
4 11 83
4 12 51
4 13 11
4 14 95
4 15 15
4 16 44
5 6 53
5 7 14
5 8 61
5 9 24
5 10 50
5 11 36
5 12 38
5 13 67
5 14 76
5 15 63
5 16 83
6 7 100
6 8 69
6 9 38
6 10 30
6 11 82
6 12 38
6 13 63
6 14 83
6 15 80
6 16 99
7 8 78
7 9 92
7 10 97
7 11 48
7 12 76
7 13 84
7 14 38
7 15 63
7 16 88
8 9 85
8 10 50
8 11 24
8 12 93
8 13 46
8 14 20
8 15 39
8 16 37
9 10 45
9 11 88
9 12 81
9 13 81
9 14 13
9 15 55
9 16 68
10 11 6
10 12 77
10 13 24
10 14 26
10 15 15
10 16 21
11 12 82
11 13 38
11 14 92
11 15 30
11 16 80
12 13 60
12 14 77
12 15 88
12 16 44
13 14 10
13 15 52
13 16 100
14 15 54
14 16 70
15 16 77
