17
1 2 24
1 3 28
1 4 61
1 5 74
1 6 14
1 7 28
1 8 77
1 9 43
1 10 77
1 11 9
1 12 57
1 13 1
1 14 99
1 15 26
1 16 12
1 17 69
2 3 29
2 4 35
2 5 73
2 6 39
2 7 83
2 8 59
2 9 11
2 10 92
2 11 21
2 12 96
2 13 40
2 14 3
2 15 22
2 16 16
2 17 51
3 4 85
3 5 94
3 6 99
3 7 43
3 8 12
3 9 67
3 10 75
3 11 87
3 12 74
3 13 71
3 14 83
3 15 37
3 16 44
3 17 39
4 5 31
4 6 69
4 7 9
4 8 42
4 9 84
4 10 34
4 11 78
4 12 51
4 13 66
4 14 74
4 15 8
4 16 6
4 17 25
5 6 54
5 7 14
5 8 70
5 9 23
5 10 33
5 11 57
5 12 20
5 13 75
5 14 72
5 15 14
5 16 52
5 17 15
6 7 5
6 8 2
6 9 77
6 10 98
6 11 65
6 12 64
6 13 76
6 14 6
6 15 50
6 16 77
6 17 9
7 8 21
7 9 35
7 10 34
7 11 57
7 12 16
7 13 51
7 14 8
7 15 56
7 16 93
7 17 87
8 9 26
8 10 76
8 11 24
8 12 64
8 13 38
8 14 69
8 15 3
8 16 21
8 17 48
9 10 37
9 11 84
9 12 67
9 13 63
9 14 78
9 15 34
9 16 11
9 17 92
10 11 16
10 12 77
10 13 36
10 14 32
10 15 70
10 16 18
10 17 35
11 12 23
11 13 78
11 14 22
11 15 30
11 16 54
11 17 88
12 13 21
12 14 72
12 15 47
12 16 33
12 17 75
13 14 52
13 15 8
13 16 64
13 17 78
14 15 66
14 16 88
14 17 44
15 16 26
15 17 99
16 17 39
