19
1 2 49
1 3 11
1 4 19
1 5 38
1 6 33
1 7 38
1 8 86
1 9 16
1 10 93
1 11 41
1 12 25
1 13 99
1 14 100
1 15 8
1 16 100
1 17 64
1 18 50
1 19 74
2 3 27
2 4 69
2 5 74
2 6 2
2 7 25
2 8 72
2 9 14
2 10 10
2 11 49
2 12 94
2 13 65
2 14 56
2 15 100
2 16 6
2 17 88
2 18 100
2 19 55
3 4 29
3 5 97
3 6 58
3 7 43
3 8 70
3 9 12
3 10 66
3 11 34
3 12 49
3 13 76
3 14 90
3 15 43
3 16 41
3 17 49
3 18 8
3 19 62
4 5 12
4 6 30
4 7 75
4 8 25
4 9 53
4 10 78
4 11 87
4 12 82
4 13 24
4 14 52
4 15 76
4 16 99
4 17 55
4 18 73
4 19 23
5 6 35
5 7 60
5 8 78
5 9 98
5 10 14
5 11 56
5 12 73
5 13 30
5 14 97
5 15 1
5 16 0
5 17 52
5 18 91
5 19 35
6 7 81
6 8 47
6 9 24
6 10 96
6 11 64
6 12 70
6 13 50
6 14 32
6 15 12
6 16 34
6 17 98
6 18 35
6 19 49
7 8 48
7 9 8
7 10 11
7 11 7
7 12 41
7 13 62
7 14 30
7 15 10
7 16 34
7 17 11
7 18 94
7 19 64
8 9 90
8 10 74
8 11 65
8 12 79
8 13 19
8 14 54
8 15 14
8 16 31
8 17 57
8 18 79
8 19 11
9 10 74
9 11 40
9 12 70
9 13 100
9 14 11
9 15 58
9 16 27
9 17 60
9 18 61
9 19 37
10 11 19
10 12 84
10 13 45
10 14 31
10 15 0
10 16 13
10 17 75
10 18 80
10 19 17
11 12 19
11 13 23
11 14 65
11 15 8
11 16 44
11 17 32
11 18 53
11 19 74
12 13 72
12 14 65
12 15 97
12 16 77
12 17 56
12 18 78
12 19 91
13 14 94
13 15 67
13 16 77
13 17 19
13 18 35
13 19 48
14 15 68
14 16 45
14 17 62
14 18 4
14 19 19
15 16 14
15 17 6
15 18 81
15 19 10
16 17 18
16 18 9
16 19 64
17 18 44
17 19 62
18 19 100
