20
1 2 58
1 3 42
1 4 56
1 5 90
1 6 37
1 7 19
1 8 88
1 9 64
1 10 97
1 11 73
1 12 81
1 13 18
1 14 0
1 15 62
1 16 45
1 17 33
1 18 83
1 19 29
1 20 1
2 3 86
2 4 8
2 5 87
2 6 77
2 7 8
2 8 0
2 9 48
2 10 78
2 11 3
2 12 99
2 13 91
2 14 4
2 15 19
2 16 48
2 17 33
2 18 89
2 19 92
2 20 99
3 4 97
3 5 69
3 6 57
3 7 3
3 8 2
3 9 25
3 10 71
3 11 76
3 12 51
3 13 43
3 14 87
3 15 49
3 16 74
3 17 43
3 18 55
3 19 41
3 20 86
4 5 26
4 6 15
4 7 47
4 8 28
4 9 65
4 10 45
4 11 5
4 12 93
4 13 1
4 14 98
4 15 83
4 16 40
4 17 23
4 18 13
4 19 40
4 20 30
5 6 32
5 7 57
5 8 42
5 9 15
5 10 52
5 11 40
5 12 60
5 13 22
5 14 31
5 15 47
5 16 24
5 17 59
5 18 8
5 19 93
5 20 7
6 7 14
6 8 62
6 9 29
6 10 36
6 11 74
6 12 2
6 13 57
6 14 56
6 15 47
6 16 78
6 17 82
6 18 67
6 19 37
6 20 6
7 8 76
7 9 24
7 10 73
7 11 99
7 12 88
7 13 21
7 14 92
7 15 0
7 16 69
7 17 77
7 18 88
7 19 37
7 20 4
8 9 80
8 10 68
8 11 59
8 12 32
8 13 88
8 14 60
8 15 10
8 16 87
8 17 14
8 18 21
8 19 2
8 20 76
9 10 27
9 11 34
9 12 10
9 13 65
9 14 25
9 15 55
9 16 62
9 17 69
9 18 91
9 19 58
9 20 83
10 11 10
10 12 59
10 13 71
10 14 54
10 15 15
10 16 10
10 17 100
10 18 31
10 19 96
10 20 100
11 12 69
11 13 85
11 14 76
11 15 97
11 16 56
11 17 27
11 18 84
11 19 44
11 20 10
12 13 42
12 14 34
12 15 87
12 16 18
12 17 81
12 18 43
12 19 3
12 20 87
13 14 86
13 15 51
13 16 73
13 17 41
13 18 100
13 19 30
13 20 58
14 15 93
14 16 100
14 17 16
14 18 70
14 19 31
14 20 34
15 16 20
15 17 39
15 18 20
15 19 54
15 20 85
16 17 27
16 18 95
16 19 45
16 20 38
17 18 30
17 19 40
17 20 52
18 19 63
18 20 39
19 20 99
