23
1 2 27
1 3 4
1 4 83
1 5 81
1 6 32
1 7 67
1 8 58
1 9 61
1 10 87
1 11 64
1 12 6
1 13 94
1 14 80
1 15 5
1 16 10
1 17 73
1 18 0
1 19 48
1 20 83
1 21 45
1 22 88
1 23 39
2 3 36
2 4 42
2 5 36
2 6 52
2 7 84
2 8 80
2 9 94
2 10 47
2 11 44
2 12 88
2 13 67
2 14 67
2 15 48
2 16 8
2 17 49
2 18 69
2 19 51
2 20 93
2 21 60
2 22 86
2 23 94
3 4 13
3 5 46
3 6 53
3 7 39
3 8 1
3 9 79
3 10 57
3 11 50
3 12 9
3 13 34
3 14 22
3 15 37
3 16 10
3 17 21
3 18 4
3 19 3
3 20 74
3 21 35
3 22 28
3 23 94
4 5 28
4 6 66
4 7 30
4 8 21
4 9 72
4 10 92
4 11 19
4 12 28
4 13 36
4 14 31
4 15 28
4 16 39
4 17 5
4 18 67
4 19 74
4 20 81
4 21 94
4 22 37
4 23 94
5 6 6
5 7 58
5 8 6
5 9 64
5 10 6
5 11 42
5 12 2
5 13 6
5 14 31
5 15 67
5 16 88
5 17 91
5 18 37
5 19 41
5 20 51
5 21 31
5 22 80
5 23 55
6 7 35
6 8 64
6 9 20
6 10 98
6 11 6
6 12 44
6 13 67
6 14 82
6 15 57
6 16 10
6 17 59
6 18 68
6 19 56
6 20 26
6 21 92
6 22 14
6 23 38
7 8 41
7 9 18
7 10 11
7 11 13
7 12 33
7 13 76
7 14 65
7 15 73
7 16 18
7 17 97
7 18 22
7 19 12
7 20 6
7 21 35
7 22 82
7 23 16
8 9 73
8 10 74
8 11 16
8 12 92
8 13 64
8 14 39
8 15 39
8 16 62
8 17 27
8 18 45
8 19 77
8 20 28
8 21 60
8 22 80
8 23 31
9 10 85
9 11 72
9 12 24
9 13 96
9 14 3
9 15 94
9 16 37
9 17 86
9 18 67
9 19 1
9 20 36
9 21 84
9 22 49
9 23 36
10 11 72
10 12 74
10 13 66
10 14 7
10 15 69
10 16 96
10 17 20
10 18 100
10 19 40
10 20 29
10 21 69
10 22 14
10 23 57
11 12 67
11 13 76
11 14 69
11 15 74
11 16 73
11 17 8
11 18 52
11 19 2
11 20 50
11 21 78
11 22 24
11 23 43
12 13 28
12 14 63
12 15 98
12 16 84
12 17 72
12 18 45
12 19 89
12 20 95
12 21 52
12 22 20
12 23 11
13 14 1
13 15 69
13 16 86
13 17 44
13 18 25
13 19 76
13 20 8
13 21 53
13 22 73
13 23 28
14 15 76
14 16 27
14 17 41
14 18 86
14 19 49
14 20 69
14 21 8
14 22 2
14 23 70
15 16 65
15 17 45
15 18 7
15 19 32
15 20 1
15 21 10
15 22 23
15 23 30
16 17 6
16 18 50
16 19 18
16 20 82
16 21 50
16 22 58
16 23 33
17 18 90
17 19 37
17 20 88
17 21 37
17 22 49
17 23 5
18 19 1
18 20 14
18 21 65
18 22 28
18 23 78
19 20 72
19 21 40
19 22 37
19 23 73
20 21 49
20 22 12
20 23 11
21 22 7
21 23 3
22 23 40
