25
1 2 2
1 3 92
1 4 68
1 5 61
1 6 93
1 7 22
1 8 87
1 9 84
1 10 0
1 11 93
1 12 45
1 13 21
1 14 59
1 15 83
1 16 44
1 17 53
1 18 32
1 19 22
1 20 78
1 21 34
1 22 34
1 23 9
1 24 20
1 25 89
2 3 12
2 4 82
2 5 82
2 6 17
2 7 94
2 8 98
2 9 4
2 10 92
2 11 11
2 12 33
2 13 60
2 14 60
2 15 10
2 16 68
2 17 62
2 18 65
2 19 96
2 20 31
2 21 0
2 22 99
2 23 64
2 24 18
2 25 19
3 4 65
3 5 90
3 6 17
3 7 65
3 8 12
3 9 83
3 10 14
3 11 42
3 12 4
3 13 84
3 14 92
3 15 43
3 16 8
3 17 77
3 18 30
3 19 30
3 20 63
3 21 12
3 22 31
3 23 42
3 24 54
3 25 49
4 5 59
4 6 60
4 7 42
4 8 33
4 9 44
4 10 96
4 11 31
4 12 40
4 13 80
4 14 63
4 15 64
4 16 16
4 17 45
4 18 99
4 19 34
4 20 76
4 21 0
4 22 96
4 23 43
4 24 44
4 25 71
5 6 16
5 7 55
5 8 85
5 9 78
5 10 42
5 11 99
5 12 32
5 13 72
5 14 95
5 15 42
5 16 93
5 17 42
5 18 52
5 19 55
5 20 79
5 21 53
5 22 39
5 23 46
5 24 40
5 25 91
6 7 21
6 8 44
6 9 36
6 10 83
6 11 56
6 12 67
6 13 35
6 14 58
6 15 71
6 16 95
6 17 65
6 18 53
6 19 88
6 20 88
6 21 86
6 22 45
6 23 17
6 24 38
6 25 67
7 8 70
7 9 89
7 10 77
7 11 56
7 12 67
7 13 24
7 14 72
7 15 62
7 16 16
7 17 59
7 18 81
7 19 51
7 20 91
7 21 0
7 22 32
7 23 29
7 24 93
7 25 17
8 9 75
8 10 83
8 11 27
8 12 48
8 13 93
8 14 96
8 15 53
8 16 44
8 17 65
8 18 38
8 19 94
8 20 46
8 21 65
8 22 91
8 23 18
8 24 90
8 25 88
9 10 70
9 11 63
9 12 76
9 13 51
9 14 98
9 15 52
9 16 94
9 17 24
9 18 60
9 19 10
9 20 18
9 21 84
9 22 10
9 23 77
9 24 18
9 25 57
10 11 46
10 12 95
10 13 89
10 14 74
10 15 67
10 16 45
10 17 10
10 18 36
10 19 63
10 20 79
10 21 88
10 22 91
10 23 63
10 24 13
10 25 97
11 12 43
11 13 1
11 14 19
11 15 62
11 16 77
11 17 79
11 18 56
11 19 42
11 20 29
11 21 73
11 22 28
11 23 21
11 24 10
11 25 80
12 13 79
12 14 24
12 15 35
12 16 55
12 17 40
12 18 70
12 19 2
12 20 37
12 21 38
12 22 35
12 23 86
12 24 94
12 25 46
13 14 4
13 15 30
13 16 64
13 17 76
13 18 46
13 19 77
13 20 44
13 21 60
13 22 67
13 23 23
13 24 24
13 25 27
14 15 38
14 16 60
14 17 86
14 18 12
14 19 42
14 20 71
14 21 45
14 22 66
14 23 53
14 24 82
14 25 87
15 16 88
15 17 12
15 18 33
15 19 30
15 20 0
15 21 84
15 22 69
15 23 42
15 24 89
15 25 71
16 17 42
16 18 90
16 19 65
16 20 21
16 21 73
16 22 12
16 23 12
16 24 30
16 25 80
17 18 78
17 19 59
17 20 40
17 21 72
17 22 38
17 23 81
17 24 55
17 25 39
18 19 100
18 20 8
18 21 29
18 22 80
18 23 75
18 24 68
18 25 19
19 20 33
19 21 8
19 22 68
19 23 87
19 24 44
19 25 36
20 21 47
20 22 45
20 23 13
20 24 83
20 25 26
21 22 30
21 23 97
21 24 94
21 25 39
22 23 7
22 24 95
22 25 6
23 24 44
23 25 67
24 25 58
