26
1 2 7
1 3 5
1 4 55
1 5 80
1 6 96
1 7 32
1 8 68
1 9 91
1 10 67
1 11 1
1 12 90
1 13 84
1 14 31
1 15 1
1 16 81
1 17 68
1 18 41
1 19 8
1 20 10
1 21 54
1 22 57
1 23 8
1 24 68
1 25 9
1 26 16
2 3 36
2 4 26
2 5 27
2 6 96
2 7 75
2 8 95
2 9 78
2 10 15
2 11 50
2 12 1
2 13 69
2 14 90
2 15 33
2 16 18
2 17 29
2 18 76
2 19 45
2 20 92
2 21 12
2 22 81
2 23 57
2 24 66
2 25 77
2 26 24
3 4 81
3 5 61
3 6 91
3 7 75
3 8 93
3 9 70
3 10 18
3 11 11
3 12 24
3 13 87
3 14 0
3 15 35
3 16 93
3 17 45
3 18 38
3 19 52
3 20 70
3 21 11
3 22 16
3 23 85
3 24 87
3 25 9
3 26 56
4 5 40
4 6 89
4 7 49
4 8 95
4 9 75
4 10 63
4 11 75
4 12 53
4 13 19
4 14 78
4 15 4
4 16 10
4 17 79
4 18 67
4 19 45
4 20 69
4 21 45
4 22 50
4 23 13
4 24 30
4 25 12
4 26 69
5 6 50
5 7 73
5 8 51
5 9 27
5 10 50
5 11 78
5 12 20
5 13 10
5 14 25
5 15 93
5 16 49
5 17 51
5 18 33
5 19 55
5 20 21
5 21 100
5 22 97
5 23 33
5 24 6
5 25 70
5 26 27
6 7 89
6 8 81
6 9 55
6 10 71
6 11 44
6 12 42
6 13 28
6 14 8
6 15 41
6 16 83
6 17 34
6 18 37
6 19 56
6 20 84
6 21 56
6 22 13
6 23 78
6 24 78
6 25 0
6 26 78
7 8 64
7 9 8
7 10 63
7 11 15
7 12 100
7 13 23
7 14 94
7 15 18
7 16 89
7 17 13
7 18 10
7 19 63
7 20 11
7 21 61
7 22 38
7 23 2
7 24 56
7 25 64
7 26 64
8 9 59
8 10 79
8 11 71
8 12 13
8 13 34
8 14 55
8 15 21
8 16 4
8 17 26
8 18 79
8 19 50
8 20 44
8 21 56
8 22 85
8 23 46
8 24 26
8 25 13
8 26 18
9 10 96
9 11 22
9 12 45
9 13 6
9 14 1
9 15 39
9 16 58
9 17 5
9 18 25
9 19 66
9 20 77
9 21 47
9 22 75
9 23 88
9 24 38
9 25 4
9 26 83
10 11 65
10 12 72
10 13 22
10 14 86
10 15 47
10 16 15
10 17 11
10 18 86
10 19 22
10 20 0
10 21 42
10 22 5
10 23 90
10 24 60
10 25 54
10 26 24
11 12 28
11 13 23
11 14 20
11 15 38
11 16 40
11 17 75
11 18 63
11 19 92
11 20 37
11 21 11
11 22 67
11 23 87
11 24 87
11 25 83
11 26 71
12 13 83
12 14 54
12 15 8
12 16 72
12 17 88
12 18 45
12 19 67
12 20 88
12 21 75
12 22 6
12 23 61
12 24 57
12 25 10
12 26 37
13 14 60
13 15 56
13 16 64
13 17 71
13 18 20
13 19 10
13 20 38
13 21 81
13 22 21
13 23 14
13 24 50
13 25 41
13 26 59
14 15 77
14 16 45
14 17 19
14 18 95
14 19 56
14 20 73
14 21 54
14 22 93
14 23 6
14 24 32
14 25 45
14 26 23
15 16 44
15 17 16
15 18 93
15 19 94
15 20 9
15 21 88
15 22 100
15 23 6
15 24 76
15 25 38
15 26 78
16 17 55
16 18 60
16 19 4
16 20 70
16 21 65
16 22 3
16 23 69
16 24 48
16 25 9
16 26 76
17 18 46
17 19 3
17 20 70
17 21 6
17 22 55
17 23 1
17 24 99
17 25 47
17 26 68
18 19 49
18 20 75
18 21 42
18 22 38
18 23 36
18 24 66
18 25 83
18 26 11
19 20 79
19 21 5
19 22 69
19 23 97
19 24 67
19 25 67
19 26 12
20 21 77
20 22 19
20 23 42
20 24 52
20 25 76
20 26 76
21 22 34
21 23 76
21 24 86
21 25 79
21 26 29
22 23 94
22 24 13
22 25 68
22 26 35
23 24 44
23 25 7
23 26 75
24 25 94
24 26 68
25 26 80
