29
1 2 33
1 3 45
1 4 70
1 5 44
1 6 14
1 7 42
1 8 78
1 9 65
1 10 39
1 11 33
1 12 13
1 13 81
1 14 75
1 15 26
1 16 11
1 17 63
1 18 62
1 19 90
1 20 7
1 21 85
1 22 49
1 23 51
1 24 25
1 25 90
1 26 9
1 27 7
1 28 35
1 29 62
2 3 38
2 4 71
2 5 43
2 6 100
2 7 9
2 8 52
2 9 13
2 10 86
2 11 19
2 12 16
2 13 75
2 14 24
2 15 18
2 16 72
2 17 89
2 18 17
2 19 18
2 20 72
2 21 41
2 22 52
2 23 75
2 24 6
2 25 88
2 26 24
2 27 54
2 28 0
2 29 21
3 4 6
3 5 82
3 6 86
3 7 13
3 8 10
3 9 75
3 10 45
3 11 11
3 12 93
3 13 4
3 14 18
3 15 75
3 16 63
3 17 10
3 18 13
3 19 18
3 20 66
3 21 80
3 22 21
3 23 37
3 24 33
3 25 100
3 26 52
3 27 14
3 28 11
3 29 91
4 5 4
4 6 50
4 7 27
4 8 86
4 9 20
4 10 89
4 11 93
4 12 58
4 13 92
4 14 67
4 15 39
4 16 86
4 17 93
4 18 95
4 19 45
4 20 90
4 21 65
4 22 91
4 23 2
4 24 93
4 25 4
4 26 71
4 27 23
4 28 35
4 29 5
5 6 52
5 7 27
5 8 84
5 9 42
5 10 14
5 11 59
5 12 68
5 13 8
5 14 28
5 15 77
5 16 77
5 17 72
5 18 11
5 19 47
5 20 66
5 21 65
5 22 20
5 23 53
5 24 10
5 25 97
5 26 4
5 27 75
5 28 64
5 29 66
6 7 48
6 8 60
6 9 8
6 10 55
6 11 97
6 12 87
6 13 75
6 14 77
6 15 51
6 16 83
6 17 95
6 18 37
6 19 97
6 20 69
6 21 43
6 22 58
6 23 3
6 24 51
6 25 89
6 26 20
6 27 60
6 28 41
6 29 1
7 8 10
7 9 51
7 10 67
7 11 45
7 12 34
7 13 68
7 14 15
7 15 7
7 16 38
7 17 24
7 18 65
7 19 70
7 20 17
7 21 0
7 22 8
7 23 70
7 24 97
7 25 65
7 26 61
7 27 2
7 28 96
7 29 13
8 9 65
8 10 38
8 11 17
8 12 50
8 13 49
8 14 74
8 15 8
8 16 33
8 17 61
8 18 1
8 19 49
8 20 9
8 21 87
8 22 33
8 23 29
8 24 24
8 25 91
8 26 22
8 27 94
8 28 78
8 29 89
9 10 67
9 11 51
9 12 18
9 13 40
9 14 6
9 15 99
9 16 84
9 17 15
9 18 25
9 19 63
9 20 90
9 21 97
9 22 96
9 23 77
9 24 22
9 25 10
9 26 85
9 27 55
9 28 43
9 29 83
10 11 24
10 12 26
10 13 70
10 14 2
10 15 78
10 16 53
10 17 39
10 18 63
10 19 96
10 20 88
10 21 70
10 22 36
10 23 5
10 24 48
10 25 82
10 26 50
10 27 49
10 28 41
10 29 9
11 12 68
11 13 37
11 14 23
11 15 21
11 16 57
11 17 30
11 18 83
11 19 79
11 20 53
11 21 68
11 22 40
11 23 1
11 24 52
11 25 41
11 26 13
11 27 87
11 28 82
11 29 28
12 13 24
12 14 24
12 15 15
12 16 80
12 17 26
12 18 87
12 19 95
12 20 51
12 21 64
12 22 52
12 23 6
12 24 0
12 25 52
12 26 29
12 27 33
12 28 19
12 29 16
13 14 47
13 15 58
13 16 92
13 17 19
13 18 43
13 19 73
13 20 95
13 21 20
13 22 61
13 23 31
13 24 17
13 25 38
13 26 18
13 27 30
13 28 81
13 29 39
14 15 73
14 16 16
14 17 8
14 18 5
14 19 18
14 20 29
14 21 2
14 22 72
14 23 35
14 24 94
14 25 32
14 26 27
14 27 61
14 28 7
14 29 39
15 16 79
15 17 91
15 18 55
15 19 98
15 20 73
15 21 46
15 22 19
15 23 17
15 24 73
15 25 7
15 26 13
15 27 87
15 28 22
15 29 1
16 17 31
16 18 91
16 19 12
16 20 68
16 21 34
16 22 43
16 23 12
16 24 20
16 25 87
16 26 75
16 27 21
16 28 90
16 29 54
17 18 40
17 19 79
17 20 60
17 21 21
17 22 84
17 23 34
17 24 32
17 25 16
17 26 6
17 27 67
17 28 53
17 29 95
18 19 88
18 20 78
18 21 18
18 22 20
18 23 64
18 24 78
18 25 80
18 26 66
18 27 60
18 28 36
18 29 87
19 20 40
19 21 67
19 22 50
19 23 68
19 24 63
19 25 29
19 26 83
19 27 33
19 28 20
19 29 1
20 21 53
20 22 88
20 23 30
20 24 27
20 25 54
20 26 65
20 27 86
20 28 29
20 29 38
21 22 20
21 23 4
21 24 33
21 25 22
21 26 65
21 27 32
21 28 32
21 29 64
22 23 61
22 24 20
22 25 94
22 26 19
22 27 53
22 28 20
22 29 1
23 24 89
23 25 0
23 26 66
23 27 74
23 28 87
23 29 56
24 25 7
24 26 18
24 27 100
24 28 27
24 29 26
25 26 3
25 27 60
25 28 54
25 29 36
26 27 85
26 28 36
26 29 41
27 28 83
27 29 100
28 29 24
