30
1 2 22
1 3 42
1 4 32
1 5 56
1 6 76
1 7 39
1 8 77
1 9 69
1 10 17
1 11 62
1 12 12
1 13 42
1 14 22
1 15 37
1 16 58
1 17 45
1 18 29
1 19 92
1 20 13
1 21 97
1 22 51
1 23 52
1 24 49
1 25 32
1 26 77
1 27 21
1 28 16
1 29 11
1 30 97
2 3 41
2 4 19
2 5 83
2 6 38
2 7 79
2 8 50
2 9 2
2 10 73
2 11 15
2 12 82
2 13 67
2 14 70
2 15 87
2 16 32
2 17 49
2 18 60
2 19 52
2 20 96
2 21 69
2 22 9
2 23 24
2 24 6
2 25 17
2 26 46
2 27 87
2 28 27
2 29 28
2 30 14
3 4 7
3 5 35
3 6 39
3 7 61
3 8 74
3 9 1
3 10 6
3 11 46
3 12 49
3 13 58
3 14 19
3 15 100
3 16 6
3 17 67
3 18 39
3 19 100
3 20 16
3 21 48
3 22 89
3 23 56
3 24 88
3 25 28
3 26 97
3 27 72
3 28 94
3 29 4
3 30 83
4 5 28
4 6 0
4 7 24
4 8 22
4 9 77
4 10 32
4 11 11
4 12 34
4 13 28
4 14 55
4 15 60
4 16 59
4 17 8
4 18 81
4 19 97
4 20 96
4 21 52
4 22 1
4 23 6
4 24 53
4 25 78
4 26 8
4 27 97
4 28 60
4 29 91
4 30 81
5 6 84
5 7 97
5 8 21
5 9 96
5 10 22
5 11 89
5 12 36
5 13 93
5 14 45
5 15 48
5 16 26
5 17 41
5 18 41
5 19 57
5 20 66
5 21 50
5 22 47
5 23 23
5 24 43
5 25 13
5 26 46
5 27 14
5 28 95
5 29 62
5 30 53
6 7 39
6 8 63
6 9 88
6 10 27
6 11 65
6 12 3
6 13 72
6 14 96
6 15 50
6 16 4
6 17 11
6 18 34
6 19 3
6 20 16
6 21 18
6 22 45
6 23 83
6 24 43
6 25 39
6 26 42
6 27 28
6 28 5
6 29 87
6 30 6
7 8 24
7 9 100
7 10 96
7 11 28
7 12 50
7 13 29
7 14 40
7 15 18
7 16 94
7 17 83
7 18 18
7 19 30
7 20 87
7 21 91
7 22 17
7 23 31
7 24 41
7 25 45
7 26 43
7 27 39
7 28 96
7 29 37
7 30 81
8 9 83
8 10 32
8 11 93
8 12 22
8 13 92
8 14 60
8 15 30
8 16 83
8 17 98
8 18 30
8 19 1
8 20 43
8 21 77
8 22 11
8 23 93
8 24 32
8 25 52
8 26 72
8 27 84
8 28 60
8 29 38
8 30 43
9 10 39
9 11 6
9 12 18
9 13 79
9 14 93
9 15 78
9 16 62
9 17 14
9 18 4
9 19 29
9 20 7
9 21 58
9 22 87
9 23 12
9 24 48
9 25 89
9 26 77
9 27 69
9 28 3
9 29 79
9 30 99
10 11 55
10 12 94
10 13 89
10 14 60
10 15 53
10 16 3
10 17 57
10 18 99
10 19 97
10 20 79
10 21 12
10 22 17
10 23 47
10 24 62
10 25 30
10 26 100
10 27 10
10 28 39
10 29 59
10 30 93
11 12 29
11 13 16
11 14 50
11 15 94
11 16 56
11 17 96
11 18 55
11 19 60
11 20 57
11 21 10
11 22 66
11 23 59
11 24 94
11 25 53
11 26 18
11 27 71
11 28 51
11 29 60
11 30 76
12 13 90
12 14 81
12 15 23
12 16 85
12 17 87
12 18 34
12 19 74
12 20 35
12 21 21
12 22 34
12 23 79
12 24 50
12 25 79
12 26 23
12 27 40
12 28 42
12 29 54
12 30 68
13 14 17
13 15 20
13 16 60
13 17 84
13 18 52
13 19 72
13 20 81
13 21 67
13 22 7
13 23 88
13 24 75
13 25 89
13 26 10
13 27 81
13 28 6
13 29 2
13 30 94
14 15 9
14 16 33
14 17 68
14 18 9
14 19 87
14 20 69
14 21 7
14 22 71
14 23 69
14 24 12
14 25 39
14 26 15
14 27 50
14 28 54
14 29 0
14 30 94
15 16 56
15 17 23
15 18 80
15 19 9
15 20 64
15 21 92
15 22 87
15 23 69
15 24 4
15 25 29
15 26 75
15 27 82
15 28 84
15 29 14
15 30 77
16 17 57
16 18 17
16 19 21
16 20 61
16 21 75
16 22 6
16 23 86
16 24 71
16 25 58
16 26 64
16 27 74
16 28 25
16 29 82
16 30 35
17 18 83
17 19 31
17 20 61
17 21 64
17 22 49
17 23 18
17 24 98
17 25 92
17 26 76
17 27 21
17 28 17
17 29 71
17 30 43
18 19 68
18 20 13
18 21 79
18 22 94
18 23 87
18 24 18
18 25 73
18 26 10
18 27 63
18 28 53
18 29 62
18 30 42
19 20 33
19 21 58
19 22 47
19 23 85
19 24 90
19 25 57
19 26 100
19 27 99
19 28 62
19 29 66
19 30 72
20 21 40
20 22 80
20 23 37
20 24 20
20 25 64
20 26 20
20 27 72
20 28 36
20 29 34
20 30 39
21 22 71
21 23 46
21 24 84
21 25 97
21 26 39
21 27 91
21 28 25
21 29 82
21 30 44
22 23 46
22 24 28
22 25 41
22 26 23
22 27 48
22 28 88
22 29 12
22 30 62
23 24 32
23 25 7
23 26 63
23 27 96
23 28 67
23 29 14
23 30 57
24 25 96
24 26 58
24 27 45
24 28 14
24 29 50
24 30 72
25 26 84
25 27 50
25 28 76
25 29 41
25 30 55
26 27 52
26 28 6
26 29 19
26 30 41
27 28 29
27 29 82
27 30 65
28 29 46
28 30 53
29 30 63
